#nbiter = 5

Greduite = {  -11435269304954,  1163167519091354, -1231641940108058,    61249955460302,  -927454181979935,
 -176590769673954,  -511471446034558,  -898556387062274,  3057556703637382,  2741797357263525,
 1501727978744086,   645204525195786,  -423429219100298,  -286722138057954,  1763305943088249,
 -594113240369426,  -978446341715790,  -714223806054194, -1794427558642922,  2662150769119901,
  554596412965414,  -950564523400198, -1373955379287162,   616635500302574, -2679188934073775};

invG = {-2.72785266597353e-16, -7.54604712049911e-17,  5.18357058665320e-16, -1.48156226870144e-16,  2.11148373091552e-16,
 4.37096105837531e-16, -3.31765864780564e-17,  5.10117122154430e-17, -1.54715650013681e-16, -3.05419751989167e-16,
-3.80012861456169e-16, -8.76577456454530e-17, -2.82976767018717e-17, -2.27519825896083e-16, -2.02854226472038e-16,
-3.26344853918137e-17,  2.10985742765679e-16, -5.20959143879285e-17, -1.88705388121102e-16,  5.42101086242752e-18,
-2.41777084464267e-17,  8.96635196645512e-17,  9.17235037922737e-17,  9.74697753064468e-17, -1.15901212238700e-16};

#nbiter = 4

Greduite = {-186304953996472, -216211368070119,  110964501361298,  131252974561432,
-126056243766680,   99587582169277,   -5646098666150, -233919070109448,
   7937589136904, -214303762177807, -268280113597118,  -98716819647784,
  93078431381544,   -1707551230219,  149382085707466, -134620659538888};


invG = {-2.04279952328856e-15, -2.93791683689260e-15,  6.74861642263602e-16,  2.61840245666112e-15,
-1.98886046520741e-15,  1.10621147658696e-15, -2.12731308263381e-15, -2.30132753131773e-15,
 1.44762674070265e-15, -1.54769860122306e-16, -1.55490854567009e-15,  2.82055195172104e-15,
 2.19171469167945e-16, -2.21708502251561e-15, -1.23181629826941e-15, -2.45886210697988e-15};


#nbiter = 3
Greduite = {-1241281756092, -5001120657083,  8655886039732,
 3827459685972, -2117155768935,  3303731088004,
 -728312298332,  5479732607037,  6319848582548};

invG = {-9.25221813226351e-14,  2.32272588749499e-13,  5.30001389997814e-15,
-7.81560146462246e-14, -4.52719459143047e-15,  1.09411828555506e-13,
 5.71040610630735e-14,  3.06929503514353e-14,  6.39750297008745e-14};



#nbiter = 2

Greduite = {  1501403623,  -1972217265,
  -304974525, -11885723317};

invG = { 6.44326352092651e-10, -1.06914112166321e-10,
-1.65327021278867e-11, -8.13912534917104e-11};


#nbiter = 30

 Greduite = {
6266770276001655, -267092665832065001, -2573537285692804, 111851015907057807, -151007143824658493, -165490658006908886, -109777323758580479, -268845248378626059, 313846249299537325, -100556866041644, 99999975991461006, 846641220843852040, -259980963622302028, 1279657742142394125, 729242519413996822, -358430606336253632, 1416347257781914880, 81991100943669655, 2975033800664511, 493990914069895698, 257181952613657653, -323414968585758748, -784755068870433456, 1174992202007652957, -1387904613886155819, 983007467020670090, 2337217525246389445, -500649791323446458, -1087623340770215189, 2086637807799777346, 
279153795758128403, 3732189473106999347, 10551975654814572, 920922608458674315, -1723542406018498161, 4973787924214818642, 230550532017649477, 1734743861935016713, 673311665509092769, 2746891599347144996, -2298203551256449466, -3153092784589437144, 1151862439863234180, -773775541900194687, -2042473180111332626, 1731094195058996800, 1173641620928856320, -367818029145948237, 324600513187133051, 1205479239532696282, 1011593148558104649, -4487378852051597196, -1538705092135866736, 1371781538331871505, -2365683807244855703, -224194441772538574, 2525477849631104793, 819116489920251358, 129459975958770519, -568100776698931766, 
-758669622399010785, -504584842742290497, 25652010997113884, -1044219587761232009, 434743411429201291, -528706861637245670, -1002149515728751719, -544450731945844883, 2153936992907502181, 807370234408443572, -223036351930303266, 610020323550649800, 1314699071446770068, 746710094030804165, 2675963096122619430, -1286885607344677056, -725137675017108224, 2011134598508277055, -566327739377753817, 14402466618527938, -2734393606831345235, -238292903377240252, 53162935393119440, -1328375297338144875, 1038589677483634765, -397882262358142342, 1696068325026260925, 518202721480435926, -1702880005824286605, 1888583666246646642, 
-407909249398429093, 553685119346327675, -614331822053694580, 1183082828554403091, 80777029407088759, 430153518399667202, 1567901635083513405, 169861271100569185, 1842210764198335289, -659917476241686908, 1102530157976910806, 1081313752069732072, 1341179269036311780, 499491600085051161, 1023591720885247038, 1086952327474654272, -237265823891023616, 78534528829029371, 3311530493253101955, -1672774749738651574, -2276317344304438879, -2663610045412989612, -1463702607642381296, 1701389758286969129, -1527380749623131455, 1017390596324587234, -434425468208376847, -632044231157291602, -905607690532499201, -999457812821782086, 
-219741128404018041, 929966176978866983, 202607520025173180, -2360594815223924705, 1034170685706541587, 1444338967245527178, -472570627046304655, -1676766641910358491, 1112239685409715293, -189547467012296300, 108048063322326190, 3452607273813081224, -2201193269167691404, 585477654122450877, 607855756676264118, -2003522000972255936, 1116040032492797184, 898703618510625959, -182384084229385649, 2005328541611696114, -1114702495733315995, 1690980744997095332, -627971072951261104, -1332333063137309171, -1528625579446127611, -804126645910587670, 519068303413704181, 288828663976369126, -2843451032871412037, 2350471937728004898, 
823052032586918499, 1216129571183960963, 29718146837489324, -452664340389123493, 809840250347473183, -1875959066445891278, 2668838715372148853, 538274809014251001, -852154874611401967, -1078737461608606492, -1128319340305484058, -322361869327875928, 867109137866351684, 1790682476179135473, 1436167669417395470, -265953620599573952, 652477708620230912, 250371027594326787, -704555106383865525, -2845769963115337670, -2399241199752722631, -2367255444476631244, -772166143286739568, 784477446025414529, 2331545187338572633, 1455425420152809746, -942512719160657655, 179793406597105918, -1889818923528078745, -1203623020947717078, 
2060682367136304815, 489043150745367631, -70947208965704612, -1676573592890155897, 893212049833295707, -2355605035249502598, 91444549286102409, -4313496352727078371, 1613969463219487125, -1080412699160462988, -1879335332477399042, -1143472071559783096, -2233935076417413548, 810793214069677557, -545138554583117626, -3115744642470982848, -2275886150599346944, 761449402983358927, 623067264981869367, -394956085528292446, -1251834816893585315, 477126564073687300, -529663597872859184, 240948716446710725, 828146981750177021, -716598386664251942, -2547125226219633299, -1062831546692403082, 137705599281313731, 336494545846811474, 
-38765673468518613, 830118966873080651, 1542954380048041164, -1899882475811919261, 2063109941661844871, -1834022603380512030, 952774360617657325, 254400066850813905, 115076451329514281, -114695637050788796, -2257443851364834442, 417658319442367592, 517680185325298852, 195812690194006281, 572471860825868638, 68955457002555456, -312144697436632832, 1232647631421933259, 1369162087100274643, 282381881708902058, -2087940885150380271, -919820166779435500, 1023551867278977808, -191172634522637799, -108338721780249039, 2113446719303370690, -1558856767888542623, -1431597581161233458, -17057528846161521, -1058541875177273062, 
408495334644627607, -1127457861542431433, -1141921289757732100, 850068528034614959, -417349809289234589, -2743301915423130902, 2407028014635183329, 922779884218032469, 163559961754253325, -279713817155916204, -795446420315295026, 909788290961354760, -271596078855620556, 1750266410808765805, 637370159849577046, -659800773754947264, 606924038939274496, 1619562425027421879, -1563067583960748577, -2108252818026473518, 849799023206737301, -198716120928887964, -1664084951682925744, -2493339960651948355, 348693533992560949, 2245090990584251210, -1118465946782968795, 2761951840430094982, -1127955757136716405, -1027266922437988350, 
950194953313573555, 1843763801990214099, 2736317171472729580, -1033561164786032853, -3191811868904927313, -81685491993625326, -63182098306986331, 1298520473767881193, -1563273529639036543, 1289234711574754468, 2210328149622236550, -705323205518024152, -3625985904729137660, -26206160033694623, 181457691931327790, -1146875657262944704, 3457136972077981952, -119567505511970477, 907095168142337819, 2828280779262785434, 2658131858146021161, 675383055022307828, -27061988651541360, 2822033756936906481, -457863833430390455, -1576862993152000270, 2652285940777827321, 502595858592680478, 651697145216944247, -603518398577124214, 
-2210628579947842497, -1105214465601589281, -3502730754139529060, 1177001038300952727, -957678457809722325, 1060567680237191642, 818290675642531961, 1598844067605950925, 353114940204963269, -432756690041452492, 1220925244842598686, 343365905570702536, 1933480062434848532, 439515612588473381, 160986303421657446, -1111210093231442112, 2136934360435238144, -2105144971930516129, 222119159097343047, -1215137909967832958, 285488191614991373, -417662972525275452, 546222817441829584, -583269828902611723, 488508957258983085, -2009850344108424390, -183439273587085283, -1090078685541544426, -1603073170420637165, -1122486805009461966, 
2193679678933262075, 269447190040588571, -950115724848729588, 1458786433872157363, 255293312067965335, -32362280107820094, -485326866214787427, -375037481414104511, -656488514810221543, -226353284405072380, 129417500710600982, -2448206652302845464, 1320082434514905188, 1601678776329405433, -2022040729694645122, -365242913111432128, 943502790012926208, 192042118610910363, -1358065961049622237, -1094726350409062646, -937718968055616127, -1055549433135858988, -338191954974920176, -1518050347647658999, 1333052966605105825, 1636474699020835490, -1537506215504767535, 742953408503230446, -208792530587569889, 541145247187901050, 
857387143095241639, -651705752848978361, 302555633554081084, -294036577061047233, 16766294384170931, 1079602035446613834, 1647008109138445905, -1352738449275774587, 494197070817110205, -995644483857416428, -51598173135540498, 1549856218185427848, -2213422781262841100, -407571104885254115, -2152364393102091786, 669495454967317824, -1887166212518863616, 3440420252103837639, -1862552553160816529, -445147258247208526, 2550257926666205637, -171110850899029212, 2958944585835339344, 990957255880182893, 2210984923591947109, 12839073198102954, -145217135898871979, -2858326336273670362, 2910361243408762715, 1005254880718282466, 
91414426436918787, -1030898411236084957, 1830153762756677932, 1558814758347169531, -1040951324818594497, 1219395228277314290, -2433830884430050859, 1334859830483889881, 1021661019684083953, 2158904171377391716, 2682225176063023654, -652740889433822296, 1073081292876176324, -2224067790594171439, -838746765647568050, 430090661653424704, 367719374913360128, 4332033426824286883, -458361418955870229, -803575976170643206, 3303611147560607769, -390635908740185932, -992068397850178672, 1120084480285710177, 859766877237405753, -1611119536156768558, 1615567693217470441, -1159142697165887170, 2364318218760154503, -918340009508913430, 
-11271057307977521, 1032111421722159727, 1895005389096528092, -1205250575017849945, -1784955109850246149, -592442050179094726, 669051645057651817, 2163454603363034749, 1212325335374515957, 1874625231413906164, 369176242350067774, 610167119452943432, -1887933491401255980, -2124029220455325867, -1573498908895217658, -1506051050185465024, 1429455563302688000, 1750857255943104495, 969312234692983895, 1381067491024740194, 448133323745029309, 635746371997182084, -162395332677845552, -508563749725863131, 943180489621396829, -1885503638691732838, -54131288687552563, 2034614935041208758, -2118738334259232925, -134983474259767022, 
-861729853736732213, -3070777140980852245, -3117536943383188660, 76530529743822339, 2164533369187472551, -19970684645126494, 1314770136265172557, -2035477319949124175, 2269685002049730057, 1457631604846783428, 278263906512270518, 2258464391196231528, -51505263398219740, 1213989687759003625, 462448717086694814, -2023145184938868672, -2424172040220874496, 1008117137886326123, 2340510772134829427, -194475631822429846, 1475698469948943601, -687534421653961836, 247292206455228688, 325485575547217657, 1068210958578124817, 914812204325130114, -292817796825765823, 2189298243848309262, 460322702500935599, 1153230962116634074, 
1013280573138445751, 1205196106028158551, -338789945594973316, -3289115242330179377, 487600717015550723, 59926603551137194, 2437173694476767425, -2800346327193815371, 1665915145916626541, 135197621277516756, -1633030941007030002, -1241577475599126776, 237647687533785524, 3390303531006050253, -365982444195328106, -577726564940132032, 340199518496705792, 872291132075249623, 2967800951754437119, 417873484348251538, -547928976653323531, -514141844594987292, 3888787652648259920, 4232478579134301981, -282453674094820715, 875335730395077130, -1416184438037622907, 1735852296214358470, -990872515943814101, 581336875755188162, 
-1350265823082150829, -360002628902094989, -80320666719074196, 825485303191452107, 812652216923707855, 564330850594790098, 2363910346888690181, -991716429650563895, 30713829987641697, -3064981743110610908, -926618741587381050, 1351405192254184744, -1197435145034392188, -2846144191953489855, -1726136264511416466, 2835886748359648832, 242318625780252928, 386013560385855219, 3597415487889081275, -1085820859766864806, 321456378121906697, -2715488575862015116, -1732969193234052464, 92429764449781969, -662365416779751383, 751681900484714674, -1171754610432295719, -2118533583819078050, 1324446516403485079, -1237765977066288310, 
632765726500678751, -844126989371198465, -1883069700579439332, -1485981987498580553, 2917737211016421067, -646799718594115942, 1196421509686882649, 5734281101735981, -871484054605652699, 2269432307060752820, -294046575430320802, 1428705917574122440, -982630737316623212, 938404605678679941, 1343325652361970854, 1246170611333304128, -1924895513201801984, 2162996086634125695, 1158564812103398247, 1101504338520877122, -297185870826554771, 1770002200188239428, -535968960545621808, -2090513408553519531, -56018720304279283, -386815924377478150, 206603869824511101, 3346240425169816406, 377110782095400883, 736349689085126386, 
-340692065589035109, 638551636001983931, -1621310680117628788, 561806823277102163, 2340933572453457591, 746972819261342594, 2512299157326238461, -770315647832579551, -971777080740714247, -1544847559631753852, -2422791370042843562, 1598624901994536168, 1543934352781040612, -2191151999388810023, -391625248461077314, -1150156601621013440, -830693716491478784, 578699638784780603, 2445253949626340547, -224863315604355638, 817163302267682145, 845295985834532948, -521921643949527024, -1299852318072565015, -1590727905386178943, 1722256845083887202, -519754905145746511, 1160888556802945582, -2353166820917736129, -1945779175003567302, 
-1913147185749403961, -773113427939826329, 1261753777285242300, 940446569546214495, 775415008836116819, 212521839134547466, 1696655714853305393, 1805232599901300965, 2233121032213926173, -2437433359885788012, 4187006556836499758, 4141921880038832776, 286835430576544884, 468826755773027453, 613626666698939190, 3817400287693905216, -379838949511791360, -385460702515654937, 486692797129898639, -796758558218163342, -919227905414332123, 1636670729857560228, 1868499630479381584, 263245020389310157, -1395559663979149627, -771150617724279702, -979571385785791307, -1103039931955824026, 888160201572785147, -1235120239341927774, 
-3014128618576765533, -972969607758491965, -126229280393614420, -1993082795045322853, 1512190184488992095, -1125174995264195406, 2354858553349033781, 1835970030483690425, 488727319612291793, 1055335039216643044, -794487447207979674, 101574370287629992, -220722792225774780, -839765124267809871, 1777980875014748558, 1119535788325560896, -169701168105967360, 2701598225159323203, 3724109740958036619, -2564836958929452614, 793238761882836217, -401908168934856140, 725549941176818064, -2021084176145536191, 1657097580392931609, 2277373347953781906, 782587393628052169, -1257754807526538882, -245734550045770585, -404745775222529622, 
568471385328656111, -1873008520638751601, -1746445702816363172, 1081066679672919751, 197312541952251035, 1297976422604292090, -599772886171334839, -1067063976825956643, 581558727411789909, 1138100252516002932, 1988605339829536894, 2265787505176947528, -1941411122749073068, 716091227945563317, -931911304246266042, 86363140860345152, -805205158114740992, 2437941053388777999, 1293066213458653559, -205946558534470878, 1418941248340153629, 154829192316688388, 347413901746799568, -119536067120423291, 1253096886103486909, -3028282691589353638, 378172363879898669, 823262853293914870, 1418471619068941059, 1630624073786896082, 
143570401201946731, 1073632536739519627, 504990399138857420, -722172455562469981, -35690560810549305, 157926237582424674, 1017440915563338925, 602953951130142609, -860758769580903191, -444072807776586940, 1181653140118658550, -527252782911727000, -181917805226226780, 1283720332954755785, -1563935515629458978, 1045677050863892544, 413954443328243968, -1105491221488402421, 1131491352085311251, 2266301625706017834, -1346973161028235567, 470565219721400596, -719859076241332464, 957702232699733977, 797776230971573745, 939923965010239298, 1262943627787280417, -656528941797226418, -3009043358447255089, -1897209533825488230, 
-145519649462817065, 1305422493414474615, -162149251672964100, -877259371788558609, 331834174459652771, -1152511337765328790, 2633968359168981153, 1612304852173070357, -1913061072027981619, -3083112936348784300, -1319153149484288178, 236409041272950280, 3774504749663959860, 2218914457904760365, -511907301896004394, -1070489536234673856, 659694908119428352, -1325103685018479369, 190165759239352863, 1305398402557815634, -852359546981641131, 935796195820474980, 1135284415922710352, -1382206661209545859, 2519560731787046901, 1835109740370761930, -563933209447309595, 805988808610148614, -1308793007786088757, -1102512948915521662, 
-3004016199438173709, 313199608947312915, -1648176861356410132, 313835858115625067, -1387383394626002961, 584427141807456402, 1003809330838010213, 684978001295365033, 2656666368681950529, -851688654773838940, -713348491732296698, -108852092572911576, 3541609275287432452, -349131148136142815, 2503070578217429422, 882204764679052864, -1586047921283948288, -3108519387931443053, 838819470381124699, -2185861506185397990, -462288696754427671, -863032521855234828, -532900910333069168, -2706894973837463887, 1053035618095913737, 1384737025851869810, 576890141845496249, 211962297774357150, -374813198549875017, 159730199730643466, 
517512585267503231, 1007894087379530783, 552055880395762076, -153285988654125353, -101480051542801045, 52024744273982298, 812470744744052281, 962138662091059853, -507047403205265275, -1752713418763760844, 46108174603424158, -560670696417553720, 1656912284955130388, -325395108050467099, -3646870290613932058, 720184625436796736, 452992861780862208, -151818093105387105, 676371995704968839, -803579328485023742, -1133048389393126195, 122207856296555972, 700991477174230736, -1249859417835754571, 1207722458850897773, 1249223594234125498, -486620861290455843, -484751356427558762, -877271671974516397, -3098265452302661454, 
1392426651739458619, 1682965802840807003, 1845397633380425484, -2039256618969597453, 73074577536583639, -815176738949213374, 15838780387570525, -1522029770910114303, 1523162125701106137, 1823427475325549828, -3242297831710583914, -471847621663735832, -24318844768755868, 579618993090881977, 587083957597809918, -3348979542589205440, 32936130543696128, 905881973158756827, -159106613758608285, 926936488103775370, -2585818886584872639, 925622738097214932, 91837542647655952, 1292497546650105289, 775909359119173217, 436506785449835042, -1213238044811860591, 1676725150765804654, 159740631581648223, 2464847071761523706, 
1987513694556093927, 1035419115381930119, -839973516161030596, 64916806377529471, 2591808858158839539, -1297797678028497718, 1565024393865082385, -368119261989483451, -2386397854610723459, 527529026236353044, -1103216019981571218, -473622768633337464, 309761431788539380, 92288587745215709, 2394539959073420406, -1202600520213826240, -926652779013972736, 1041300637830525447, 449907781007173807, -767139504193143502, -602311949851239291, -246575229533775324, 983755303282117200, 147080595845948717, -2511570611618320859, -889369208056441046, -1367785493145700843, 504612962328145318, -1879704264479007589, 561189435132915298, 
806488477530253635, 854939040777369187, 990004484280497708, -1734687023063397317, 558841229546541439, -972658524972278158, 1566631946347145365, 1770655640789310617, 314167073142710449, -637554000318533788, -203136632618833754, 698152009178571176, 1509029585470651076, 2005372927271955857, 843260659823937486, 818345698365741632, -89176653721431808, 2080481593104053731, -132666814493892309, 2718231436697225850, -442649417467347495, -1892202264628943948, 2053884949948999568, -1576618201278627039, 3694487329964342777, -639498650881320366, 956157299395183017, 141416487769543102, 455909610692126663, -145640216360309654 };

invG = {
5.42101086242752e-20, -2.71050543121376e-19, -7.04731412115578e-19, 5.42101086242752e-19, 1.62630325872826e-19, -2.16840434497101e-19, -1.08420217248550e-19, -9.75781955236954e-19, 1.08420217248550e-19, -3.25260651745651e-19, 0.000000000000000, -2.71050543121376e-19, -1.08420217248550e-19, -1.08420217248550e-19, -2.71050543121376e-19, -1.08420217248550e-19, -5.42101086242752e-20, -2.16840434497101e-19, -1.62630325872826e-19, 1.08420217248550e-19, -2.16840434497101e-19, 3.25260651745651e-19, -3.25260651745651e-19, -5.42101086242752e-20, -5.96311194867027e-19, -2.71050543121376e-19, 4.33680868994202e-19, 5.42101086242752e-19, 5.42101086242752e-20, 8.67361737988404e-19, 
2.71050543121376e-19, 2.16840434497101e-19, 4.87890977618477e-19, -3.79470760369927e-19, -2.16840434497101e-19, 4.33680868994202e-19, 2.71050543121376e-19, 1.24683249835833e-18, -3.79470760369927e-19, 4.33680868994202e-19, 0.000000000000000, 5.42101086242752e-19, 2.16840434497101e-19, 1.08420217248550e-19, 4.87890977618477e-19, -1.08420217248550e-19, 5.42101086242752e-20, -5.42101086242752e-20, 4.33680868994202e-19, 2.16840434497101e-19, 2.16840434497101e-19, -4.87890977618477e-19, 3.79470760369927e-19, -1.62630325872826e-19, 4.87890977618477e-19, 4.87890977618477e-19, -5.42101086242752e-19, -7.58941520739853e-19, -2.71050543121376e-19, -8.13151629364128e-19, 
-2.16840434497101e-19, 0.000000000000000, -1.62630325872826e-19, -1.62630325872826e-19, 1.62630325872826e-19, -1.62630325872826e-19, -1.62630325872826e-19, -4.33680868994202e-19, 2.71050543121376e-19, -1.08420217248550e-19, -1.62630325872826e-19, -2.71050543121376e-19, -2.16840434497101e-19, 5.42101086242752e-20, -3.25260651745651e-19, 1.62630325872826e-19, -5.42101086242752e-20, 1.62630325872826e-19, -4.33680868994202e-19, -2.16840434497101e-19, 5.42101086242752e-20, 2.16840434497101e-19, 5.42101086242752e-20, 2.71050543121376e-19, -1.62630325872826e-19, -5.42101086242752e-20, 3.25260651745651e-19, 4.87890977618477e-19, 3.79470760369927e-19, 2.71050543121376e-19, 
5.42101086242752e-20, 1.08420217248550e-19, 2.71050543121376e-19, -2.71050543121376e-19, -2.71050543121376e-19, 5.42101086242752e-20, 5.42101086242752e-20, 4.33680868994202e-19, 0.000000000000000, 1.62630325872826e-19, 0.000000000000000, 2.71050543121376e-19, 0.000000000000000, -5.42101086242752e-20, 5.42101086242752e-20, -5.42101086242752e-20, -5.42101086242752e-20, 0.000000000000000, -1.08420217248550e-19, 2.71050543121376e-19, 2.16840434497101e-19, -1.08420217248550e-19, 3.79470760369927e-19, 1.62630325872826e-19, 5.42101086242752e-20, 1.08420217248550e-19, -3.25260651745651e-19, -5.42101086242752e-20, -5.42101086242752e-20, -2.16840434497101e-19, 
1.62630325872826e-19, 1.08420217248550e-19, 0.000000000000000, -2.16840434497101e-19, -5.42101086242752e-20, 2.16840434497101e-19, 1.62630325872826e-19, 5.42101086242752e-20, -2.16840434497101e-19, 0.000000000000000, 0.000000000000000, 1.62630325872826e-19, -1.08420217248550e-19, 0.000000000000000, 5.42101086242752e-20, 1.08420217248550e-19, -5.42101086242752e-20, -5.42101086242752e-20, 5.42101086242752e-20, 1.62630325872826e-19, 2.16840434497101e-19, 5.42101086242752e-20, -5.42101086242752e-20, -1.08420217248550e-19, 0.000000000000000, -1.08420217248550e-19, -1.08420217248550e-19, -1.08420217248550e-19, -1.08420217248550e-19, 0.000000000000000, 
-3.79470760369927e-19, -5.42101086242752e-20, -3.79470760369927e-19, 3.79470760369927e-19, 2.71050543121376e-19, -2.16840434497101e-19, -1.62630325872826e-19, -9.21571846612679e-19, 1.62630325872826e-19, -2.71050543121376e-19, -5.42101086242752e-20, -2.71050543121376e-19, -1.08420217248550e-19, -1.08420217248550e-19, -3.79470760369927e-19, 0.000000000000000, -5.42101086242752e-20, -1.08420217248550e-19, -3.25260651745651e-19, 0.000000000000000, -1.08420217248550e-19, 4.33680868994202e-19, -2.16840434497101e-19, 5.42101086242752e-20, -2.71050543121376e-19, -3.79470760369927e-19, 2.16840434497101e-19, 4.87890977618477e-19, 5.42101086242752e-20, 5.42101086242752e-19, 
-1.08420217248550e-19, 0.000000000000000, 0.000000000000000, -1.08420217248550e-19, 5.42101086242752e-20, -1.62630325872826e-19, -1.08420217248550e-19, -3.25260651745651e-19, 2.16840434497101e-19, 5.42101086242752e-20, 1.08420217248550e-19, -1.08420217248550e-19, 5.42101086242752e-20, 5.42101086242752e-20, -2.16840434497101e-19, 1.62630325872826e-19, -5.42101086242752e-20, 2.71050543121376e-19, -5.42101086242752e-20, -2.16840434497101e-19, 5.42101086242752e-20, 5.42101086242752e-20, -1.62630325872826e-19, 2.71050543121376e-19, -1.08420217248550e-19, 5.42101086242752e-20, 2.71050543121376e-19, 4.33680868994202e-19, 3.79470760369927e-19, 1.08420217248550e-19, 
5.42101086242752e-20, 0.000000000000000, -3.79470760369927e-19, 5.42101086242752e-19, 0.000000000000000, -5.42101086242752e-20, 1.08420217248550e-19, -5.96311194867027e-19, -1.08420217248550e-19, -3.25260651745651e-19, -5.42101086242752e-20, -1.62630325872826e-19, -5.42101086242752e-20, -2.16840434497101e-19, 1.08420217248550e-19, -1.08420217248550e-19, -1.08420217248550e-19, -3.79470760369927e-19, -5.42101086242752e-20, 1.08420217248550e-19, -5.42101086242752e-20, 3.79470760369927e-19, -2.71050543121376e-19, -3.25260651745651e-19, 0.000000000000000, -4.87890977618477e-19, -5.42101086242752e-20, 0.000000000000000, -2.71050543121376e-19, 3.79470760369927e-19, 
1.62630325872826e-19, 0.000000000000000, -1.62630325872826e-19, 1.08420217248550e-19, -5.42101086242752e-20, 0.000000000000000, 1.62630325872826e-19, -2.16840434497101e-19, -5.42101086242752e-20, -1.08420217248550e-19, 5.42101086242752e-20, 5.42101086242752e-20, -5.42101086242752e-20, -5.42101086242752e-20, 5.42101086242752e-20, -5.42101086242752e-20, 0.000000000000000, -1.62630325872826e-19, 0.000000000000000, 2.16840434497101e-19, 1.08420217248550e-19, 1.08420217248550e-19, -1.62630325872826e-19, -1.08420217248550e-19, -2.16840434497101e-19, -1.08420217248550e-19, -5.42101086242752e-20, 5.42101086242752e-20, -2.16840434497101e-19, 2.71050543121376e-19, 
0.000000000000000, 0.000000000000000, 5.42101086242752e-20, -3.25260651745651e-19, 0.000000000000000, 0.000000000000000, -1.62630325872826e-19, 4.87890977618477e-19, 1.08420217248550e-19, 1.62630325872826e-19, 1.08420217248550e-19, 5.42101086242752e-20, 5.42101086242752e-20, 1.62630325872826e-19, -5.42101086242752e-20, 1.08420217248550e-19, 0.000000000000000, 1.62630325872826e-19, 5.42101086242752e-20, -1.62630325872826e-19, 0.000000000000000, -2.16840434497101e-19, 2.16840434497101e-19, 3.25260651745651e-19, -1.08420217248550e-19, 3.79470760369927e-19, 1.08420217248550e-19, 1.62630325872826e-19, 2.71050543121376e-19, -2.16840434497101e-19, 
-5.42101086242752e-20, 0.000000000000000, 2.16840434497101e-19, -5.42101086242752e-20, 5.42101086242752e-20, 5.42101086242752e-20, 0.000000000000000, 2.16840434497101e-19, -1.08420217248550e-19, 2.16840434497101e-19, 0.000000000000000, 2.16840434497101e-19, 1.08420217248550e-19, 1.08420217248550e-19, 1.08420217248550e-19, 1.62630325872826e-19, 0.000000000000000, 1.08420217248550e-19, 1.62630325872826e-19, -1.62630325872826e-19, 5.42101086242752e-20, -1.62630325872826e-19, -1.08420217248550e-19, 0.000000000000000, 1.62630325872826e-19, 1.62630325872826e-19, 0.000000000000000, -2.16840434497101e-19, 1.08420217248550e-19, -2.71050543121376e-19, 
1.08420217248550e-19, -5.42101086242752e-20, -5.42101086242752e-20, -5.42101086242752e-20, 5.42101086242752e-20, 1.08420217248550e-19, -1.08420217248550e-19, 3.79470760369927e-19, 0.000000000000000, 5.42101086242752e-20, 0.000000000000000, -5.42101086242752e-20, 5.42101086242752e-20, 5.42101086242752e-20, 5.42101086242752e-20, 0.000000000000000, 0.000000000000000, 0.000000000000000, 5.42101086242752e-20, 0.000000000000000, -5.42101086242752e-20, -2.16840434497101e-19, 2.16840434497101e-19, 0.000000000000000, 0.000000000000000, 2.16840434497101e-19, 5.42101086242752e-20, -5.42101086242752e-20, 0.000000000000000, -1.08420217248550e-19, 
5.42101086242752e-20, -5.42101086242752e-20, 0.000000000000000, -1.08420217248550e-19, 5.42101086242752e-20, -5.42101086242752e-20, -1.08420217248550e-19, 1.08420217248550e-19, 5.42101086242752e-20, 0.000000000000000, 5.42101086242752e-20, -5.42101086242752e-20, 0.000000000000000, 2.16840434497101e-19, -5.42101086242752e-20, 5.42101086242752e-20, 5.42101086242752e-20, 1.62630325872826e-19, 5.42101086242752e-20, -1.62630325872826e-19, -5.42101086242752e-20, -1.62630325872826e-19, 0.000000000000000, 1.08420217248550e-19, 5.42101086242752e-20, 2.16840434497101e-19, 1.62630325872826e-19, 1.08420217248550e-19, 2.16840434497101e-19, -5.42101086242752e-20, 
-5.42101086242752e-20, 1.08420217248550e-19, -5.42101086242752e-20, -5.42101086242752e-20, 5.42101086242752e-20, -5.42101086242752e-20, 5.42101086242752e-20, 0.000000000000000, 1.62630325872826e-19, -5.42101086242752e-20, -5.42101086242752e-20, -1.08420217248550e-19, -1.08420217248550e-19, 0.000000000000000, -1.62630325872826e-19, 0.000000000000000, 0.000000000000000, -5.42101086242752e-20, -1.62630325872826e-19, -1.08420217248550e-19, 5.42101086242752e-20, 1.08420217248550e-19, 2.16840434497101e-19, 1.08420217248550e-19, 1.08420217248550e-19, -5.42101086242752e-20, 0.000000000000000, 5.42101086242752e-20, 5.42101086242752e-20, 0.000000000000000, 
-1.62630325872826e-19, -1.08420217248550e-19, -1.62630325872826e-19, 2.16840434497101e-19, 5.42101086242752e-20, -5.42101086242752e-20, -5.42101086242752e-20, -3.25260651745651e-19, 5.42101086242752e-20, -5.42101086242752e-20, 0.000000000000000, -5.42101086242752e-20, -5.42101086242752e-20, -5.42101086242752e-20, -1.62630325872826e-19, -1.08420217248550e-19, 0.000000000000000, -1.08420217248550e-19, -1.08420217248550e-19, 1.62630325872826e-19, -5.42101086242752e-20, 1.62630325872826e-19, -1.08420217248550e-19, 0.000000000000000, -2.16840434497101e-19, -1.08420217248550e-19, -1.08420217248550e-19, 1.62630325872826e-19, -5.42101086242752e-20, 3.25260651745651e-19, 
1.08420217248550e-19, -5.42101086242752e-20, -5.42101086242752e-20, -1.08420217248550e-19, -5.42101086242752e-20, 5.42101086242752e-20, -5.42101086242752e-20, 1.62630325872826e-19, 0.000000000000000, -5.42101086242752e-20, 0.000000000000000, 5.42101086242752e-20, 0.000000000000000, 5.42101086242752e-20, 5.42101086242752e-20, -1.62630325872826e-19, 1.08420217248550e-19, 5.42101086242752e-20, 1.08420217248550e-19, 5.42101086242752e-20, 0.000000000000000, -1.08420217248550e-19, 1.08420217248550e-19, 1.08420217248550e-19, -1.08420217248550e-19, 1.62630325872826e-19, -1.08420217248550e-19, -5.42101086242752e-20, -5.42101086242752e-20, 0.000000000000000, 
1.08420217248550e-19, -5.42101086242752e-20, 0.000000000000000, -1.62630325872826e-19, 0.000000000000000, 5.42101086242752e-20, -5.42101086242752e-20, 1.08420217248550e-19, 0.000000000000000, 1.08420217248550e-19, 1.62630325872826e-19, 1.62630325872826e-19, -5.42101086242752e-20, 5.42101086242752e-20, -5.42101086242752e-20, -5.42101086242752e-20, 5.42101086242752e-20, 1.08420217248550e-19, 5.42101086242752e-20, 1.08420217248550e-19, 5.42101086242752e-20, -5.42101086242752e-20, 0.000000000000000, 0.000000000000000, -1.62630325872826e-19, 5.42101086242752e-20, 0.000000000000000, 1.08420217248550e-19, -5.42101086242752e-20, 5.42101086242752e-20, 
-5.42101086242752e-20, 5.42101086242752e-20, 2.71050543121376e-19, 5.42101086242752e-20, -5.42101086242752e-20, 0.000000000000000, 5.42101086242752e-20, 2.16840434497101e-19, 0.000000000000000, 5.42101086242752e-20, 0.000000000000000, 1.08420217248550e-19, 1.08420217248550e-19, 5.42101086242752e-20, 1.08420217248550e-19, -1.08420217248550e-19, 5.42101086242752e-20, 0.000000000000000, 1.08420217248550e-19, 5.42101086242752e-20, 0.000000000000000, -5.42101086242752e-20, 5.42101086242752e-20, -5.42101086242752e-20, 2.16840434497101e-19, -5.42101086242752e-20, -2.16840434497101e-19, -2.16840434497101e-19, -1.08420217248550e-19, -2.16840434497101e-19, 
0.000000000000000, -5.42101086242752e-20, -1.62630325872826e-19, 1.62630325872826e-19, 0.000000000000000, -1.08420217248550e-19, 0.000000000000000, -1.62630325872826e-19, 0.000000000000000, -5.42101086242752e-20, -5.42101086242752e-20, -5.42101086242752e-20, -1.08420217248550e-19, -5.42101086242752e-20, -5.42101086242752e-20, -5.42101086242752e-20, 0.000000000000000, -5.42101086242752e-20, -1.08420217248550e-19, 5.42101086242752e-20, -5.42101086242752e-20, 1.62630325872826e-19, 1.08420217248550e-19, 0.000000000000000, -5.42101086242752e-20, -5.42101086242752e-20, 5.42101086242752e-20, 1.08420217248550e-19, 0.000000000000000, 1.62630325872826e-19, 
-5.42101086242752e-20, 0.000000000000000, 1.08420217248550e-19, 0.000000000000000, -5.42101086242752e-20, -1.08420217248550e-19, 0.000000000000000, 1.62630325872826e-19, 0.000000000000000, 5.42101086242752e-20, 5.42101086242752e-20, 1.08420217248550e-19, 5.42101086242752e-20, 0.000000000000000, 5.42101086242752e-20, 0.000000000000000, 0.000000000000000, 5.42101086242752e-20, 5.42101086242752e-20, 5.42101086242752e-20, 0.000000000000000, -1.08420217248550e-19, -5.42101086242752e-20, 1.08420217248550e-19, 5.42101086242752e-20, 0.000000000000000, -2.16840434497101e-19, -5.42101086242752e-20, -5.42101086242752e-20, 0.000000000000000, 
1.08420217248550e-19, 0.000000000000000, -2.16840434497101e-19, -1.08420217248550e-19, 5.42101086242752e-20, 5.42101086242752e-20, 5.42101086242752e-20, 5.42101086242752e-20, 0.000000000000000, -5.42101086242752e-20, -5.42101086242752e-20, 0.000000000000000, -5.42101086242752e-20, 1.08420217248550e-19, 5.42101086242752e-20, 0.000000000000000, 5.42101086242752e-20, -5.42101086242752e-20, -5.42101086242752e-20, 5.42101086242752e-20, 0.000000000000000, 0.000000000000000, 5.42101086242752e-20, 0.000000000000000, 0.000000000000000, 1.08420217248550e-19, -1.08420217248550e-19, -1.08420217248550e-19, 0.000000000000000, 5.42101086242752e-20, 
5.42101086242752e-20, -5.42101086242752e-20, -1.08420217248550e-19, 5.42101086242752e-20, -5.42101086242752e-20, -5.42101086242752e-20, 5.42101086242752e-20, -1.62630325872826e-19, 0.000000000000000, -5.42101086242752e-20, 5.42101086242752e-20, 0.000000000000000, 0.000000000000000, 0.000000000000000, -5.42101086242752e-20, -1.62630325872826e-19, 0.000000000000000, -1.08420217248550e-19, 5.42101086242752e-20, 1.62630325872826e-19, 5.42101086242752e-20, 1.08420217248550e-19, 0.000000000000000, 5.42101086242752e-20, -5.42101086242752e-20, -5.42101086242752e-20, -5.42101086242752e-20, 1.62630325872826e-19, -1.08420217248550e-19, 5.42101086242752e-20, 
0.000000000000000, 0.000000000000000, 1.62630325872826e-19, -1.08420217248550e-19, -1.08420217248550e-19, 0.000000000000000, -5.42101086242752e-20, 2.16840434497101e-19, -5.42101086242752e-20, 1.08420217248550e-19, 0.000000000000000, 1.08420217248550e-19, 5.42101086242752e-20, -1.08420217248550e-19, 5.42101086242752e-20, 0.000000000000000, 5.42101086242752e-20, -5.42101086242752e-20, -5.42101086242752e-20, 1.08420217248550e-19, 5.42101086242752e-20, -5.42101086242752e-20, 1.08420217248550e-19, -5.42101086242752e-20, -5.42101086242752e-20, 5.42101086242752e-20, 0.000000000000000, -1.08420217248550e-19, 0.000000000000000, -5.42101086242752e-20, 
1.08420217248550e-19, 0.000000000000000, 0.000000000000000, 1.08420217248550e-19, -1.08420217248550e-19, 1.62630325872826e-19, 5.42101086242752e-20, 5.42101086242752e-20, -1.62630325872826e-19, -5.42101086242752e-20, 0.000000000000000, 0.000000000000000, 5.42101086242752e-20, 0.000000000000000, 1.62630325872826e-19, -5.42101086242752e-20, 5.42101086242752e-20, -1.08420217248550e-19, 1.08420217248550e-19, 1.08420217248550e-19, 0.000000000000000, -5.42101086242752e-20, -5.42101086242752e-20, -1.08420217248550e-19, 1.08420217248550e-19, -1.08420217248550e-19, -2.16840434497101e-19, -1.62630325872826e-19, -2.16840434497101e-19, -1.08420217248550e-19, 
0.000000000000000, -5.42101086242752e-20, -5.42101086242752e-20, -5.42101086242752e-20, -5.42101086242752e-20, 1.62630325872826e-19, 0.000000000000000, 5.42101086242752e-20, -1.08420217248550e-19, 0.000000000000000, 0.000000000000000, 1.08420217248550e-19, 0.000000000000000, 0.000000000000000, 5.42101086242752e-20, -5.42101086242752e-20, 0.000000000000000, -5.42101086242752e-20, 0.000000000000000, 1.62630325872826e-19, 0.000000000000000, 0.000000000000000, 1.08420217248550e-19, 5.42101086242752e-20, -5.42101086242752e-20, 5.42101086242752e-20, -1.62630325872826e-19, 0.000000000000000, -1.62630325872826e-19, 5.42101086242752e-20, 
0.000000000000000, -5.42101086242752e-20, 0.000000000000000, 1.62630325872826e-19, 0.000000000000000, 0.000000000000000, -5.42101086242752e-20, 1.08420217248550e-19, -5.42101086242752e-20, 5.42101086242752e-20, -5.42101086242752e-20, 1.62630325872826e-19, 1.08420217248550e-19, -5.42101086242752e-20, 5.42101086242752e-20, 0.000000000000000, 0.000000000000000, -1.08420217248550e-19, 5.42101086242752e-20, 1.08420217248550e-19, -5.42101086242752e-20, 0.000000000000000, -1.08420217248550e-19, -5.42101086242752e-20, 0.000000000000000, 0.000000000000000, -1.08420217248550e-19, -1.08420217248550e-19, -1.62630325872826e-19, -5.42101086242752e-20, 
2.16840434497101e-19, 5.42101086242752e-20, 1.62630325872826e-19, -1.08420217248550e-19, -1.08420217248550e-19, 5.42101086242752e-20, 5.42101086242752e-20, -5.42101086242752e-20, -5.42101086242752e-20, 1.08420217248550e-19, 0.000000000000000, -5.42101086242752e-20, 0.000000000000000, -5.42101086242752e-20, -5.42101086242752e-20, 5.42101086242752e-20, -5.42101086242752e-20, 0.000000000000000, 5.42101086242752e-20, 5.42101086242752e-20, 5.42101086242752e-20, 0.000000000000000, 0.000000000000000, -5.42101086242752e-20, -5.42101086242752e-20, 0.000000000000000, 2.16840434497101e-19, 0.000000000000000, 0.000000000000000, 0.000000000000000, 
-5.42101086242752e-20, 5.42101086242752e-20, 1.62630325872826e-19, -5.42101086242752e-20, -5.42101086242752e-20, 1.08420217248550e-19, 0.000000000000000, 0.000000000000000, -5.42101086242752e-20, 5.42101086242752e-20, -1.08420217248550e-19, 5.42101086242752e-20, -5.42101086242752e-20, -5.42101086242752e-20, 1.08420217248550e-19, 5.42101086242752e-20, 5.42101086242752e-20, 0.000000000000000, 5.42101086242752e-20, 5.42101086242752e-20, 5.42101086242752e-20, -5.42101086242752e-20, 0.000000000000000, -1.62630325872826e-19, 1.08420217248550e-19, -5.42101086242752e-20, -5.42101086242752e-20, -1.62630325872826e-19, -1.08420217248550e-19, -1.08420217248550e-19, 
0.000000000000000, 5.42101086242752e-20, 1.08420217248550e-19, 0.000000000000000, -5.42101086242752e-20, 0.000000000000000, 5.42101086242752e-20, 1.08420217248550e-19, -5.42101086242752e-20, 1.62630325872826e-19, 5.42101086242752e-20, 5.42101086242752e-20, 5.42101086242752e-20, 0.000000000000000, -5.42101086242752e-20, 5.42101086242752e-20, -5.42101086242752e-20, 5.42101086242752e-20, 1.62630325872826e-19, -5.42101086242752e-20, 5.42101086242752e-20, -5.42101086242752e-20, -5.42101086242752e-20, -1.62630325872826e-19, 1.08420217248550e-19, 0.000000000000000, 5.42101086242752e-20, 0.000000000000000, -5.42101086242752e-20, -1.08420217248550e-19, 
1.62630325872826e-19, 0.000000000000000, 0.000000000000000, 0.000000000000000, 0.000000000000000, 0.000000000000000, 0.000000000000000, 0.000000000000000, -1.08420217248550e-19, -5.42101086242752e-20, -5.42101086242752e-20, 1.08420217248550e-19, 5.42101086242752e-20, 0.000000000000000, 1.62630325872826e-19, 0.000000000000000, 0.000000000000000, 5.42101086242752e-20, 5.42101086242752e-20, -1.08420217248550e-19, 0.000000000000000, 0.000000000000000, 0.000000000000000, -5.42101086242752e-20, 1.62630325872826e-19, 5.42101086242752e-20, -1.08420217248550e-19, -5.42101086242752e-20, 5.42101086242752e-20, -1.08420217248550e-19 };

