#nbiter = 5

Greduite = [[  -11435269304954,  1163167519091354, -1231641940108058,    61249955460302,  -927454181979935],
[ -176590769673954,  -511471446034558,  -898556387062274,  3057556703637382,  2741797357263525],
[ 1501727978744086,   645204525195786,  -423429219100298,  -286722138057954,  1763305943088249],
[ -594113240369426,  -978446341715790,  -714223806054194, -1794427558642922,  2662150769119901],
[  554596412965414,  -950564523400198, -1373955379287162,   616635500302574, -2679188934073775]]

invG = [[-2.72785266597353e-16, -7.54604712049911e-17,  5.18357058665320e-16, -1.48156226870144e-16,  2.11148373091552e-16],
[ 4.37096105837531e-16, -3.31765864780564e-17,  5.10117122154430e-17, -1.54715650013681e-16, -3.05419751989167e-16],
[-3.80012861456169e-16, -8.76577456454530e-17, -2.82976767018717e-17, -2.27519825896083e-16, -2.02854226472038e-16],
[-3.26344853918137e-17,  2.10985742765679e-16, -5.20959143879285e-17, -1.88705388121102e-16,  5.42101086242752e-18],
[-2.41777084464267e-17,  8.96635196645512e-17,  9.17235037922737e-17,  9.74697753064468e-17, -1.15901212238700e-16]]

#nbiter = 4

Greduite = [[-186304953996472, -216211368070119,  110964501361298,  131252974561432],
[-126056243766680,   99587582169277,   -5646098666150, -233919070109448],
[   7937589136904, -214303762177807, -268280113597118,  -98716819647784],
[  93078431381544,   -1707551230219,  149382085707466, -134620659538888]]


invG = [[-2.04279952328856e-15, -2.93791683689260e-15,  6.74861642263602e-16,  2.61840245666112e-15],
[-1.98886046520741e-15,  1.10621147658696e-15, -2.12731308263381e-15, -2.30132753131773e-15],
[ 1.44762674070265e-15, -1.54769860122306e-16, -1.55490854567009e-15,  2.82055195172104e-15],
[ 2.19171469167945e-16, -2.21708502251561e-15, -1.23181629826941e-15, -2.45886210697988e-15]]]


#nbiter = 3
Greduite = [[-1241281756092, -5001120657083,  8655886039732],
[ 3827459685972, -2117155768935,  3303731088004],
[ -728312298332,  5479732607037,  6319848582548]]

invG = [[-9.25221813226351e-14,  2.32272588749499e-13,  5.30001389997814e-15],
[-7.81560146462246e-14, -4.52719459143047e-15,  1.09411828555506e-13],
[ 5.71040610630735e-14,  3.06929503514353e-14,  6.39750297008745e-14]]



#nbiter = 2

Greduite = [[  1501403623,  -1972217265],
[  -304974525, -11885723317]]

invG = [[ 6.44326352092651e-10, -1.06914112166321e-10],
[-1.65327021278867e-11, -8.13912534917104e-11]]